U.S total $12,770 $7,947 $20,716 $1,252
Alabama 10,006 7,536 17,541 981
Alaska 23,825 13,583 37,408 2,335
Arizona 15,863 11,405 27,268 1,555
Arkansas 12,755 10,824 23,579 1,250
California 10,286 5,778 16,064 1,008
Colorado 9,406 6,027 15,433 922
Connecticut 16,736 9,090 25,826 1,640
Delaware 16,736 11,309 28,045 1,640
District of Columbia 7,169 10,157 17,326 703
Florida 10,748 7,458 18,206 1,053
Georgia 10,837 5,445 16,282 1,062
Hawaii 18,080 7,754 25,835 1,772
Idaho 15,457 3,260 18,717 1,515
Illinois 11,152 5,366 16,518 1,093
Indiana 10,460 5,690 16,150 1,025
Iowa 13,894 6,475 20,368 1,362
Kansas 13,947 7,283 21,230 1,367
Kentucky 14,887 9,701 24,588 1,459
Louisiana 16,779 7,401 24,180 1,644
Maine 9,414 5,745 15,159 923
Maryland 14,760 9,246 24,006 1,447
Massachusetts 15,109 11,670 26,779 1,481
Michigan 9,853 7,975 17,828 966
Minnesota 10,594 11,690 22,284 1,038
Mississippi 7,090 7,112 14,201 695
Missouri 11,572 8,897 20,468 1,134
Montana 13,079 5,833 18,912 1,282
Nebraska 14,411 6,541 20,953 1,412
Nevada 6,759 6,042 12,801 662
New Hampshire 5,848 6,267 12,115 573
New Jersey 15,233 7,649 22,882 1,493
New Mexico 13,102 9,908 23,010 1,284
New York 15,442 9,839 25,281 1,513
North Carolina 13,299 7,126 20,425 1,303
North Dakota 12,338 6,980 19,318 1,209
Ohio 10,925 7,220 18,144 1,071
Oklahoma 10,176 6,505 16,681 997
Oregon 7,314 6,956 14,270 717
Pennsylvania 11,015 11,580 22,596 1,080
Rhode Island 14,955 9,841 24,797 1,466
South Carolina 13,930 7,492 21,422 1,365
South Dakota 13,830 6,898 20,728 1,355
Tennessee 7,657 10,539 18,197 750
Texas 11,574 9,924 21,498 1,134
Utah 12,552 4,673 17,225 1,230
Vermont 10,857 8,225 19,082 1,064
Virginia 16,946 8,163 25,109 1,661
Washington 15,886 6,929 22,815 1,557
West Virginia 13,017 7,169 20,186 1,276
Wisconsin 12,667 5,643 18,310 1,241
Wyoming 21,036 7,460 28,496 2,062