Alabama 60,100 29,500 30,500 58.2 61.6 38.4 34,900 18,200 16,800
Alaska 11,500 4,600 6,800 55.1 64.3 48.8 6,300 3,000 3,300
Arizona 87,500 37,500 49,900 53.3 64.6 43.9 46,600 24,200 22,400
Arkansas 38,500 19,000 19,500 60.4 72.3 48.7 23,300 13,800 9,500
California 510,200 163,800 346,400 49.7 64.3 42.7 253,600 105,300 148,300
Colorado 66,400 23,800 42,600 44.2 63.8 33.3 29,300 15,100 14,200
Connecticut 37,700 13,000 24,700 35.5 60.8 22.2 13,400 7,900 5,500
Delaware 11,400 4,600 6,700 51.7 71.3 38.3 5,900 3,300 2,600
District of Columbia 9,200 4,300 4,800 67.9 84.6 55.9 6,200 3,700 2,600
Florida 214,600 101,100 113,500 55.2 70.6 41.5 118,500 71,400 47,100
Georgia 133,900 68,800 65,100 61.6 80.5 41.5 82,500 55,500 27,000
Hawaii 19,000 8,700 10,300 37.0 49.9 26.2 7,000 4,300 2,700
Idaho 23,200 7,700 15,500 43.0 60.4 34.2 10,000 4,700 5,300
Illinois 165,200 70,200 95,000 55.5 78.3 38.7 91,700 55,000 36,700
Indiana 83,900 35,500 48,400 46.6 64.6 33.6 39,100 22,900 16,200
Iowa 38,700 13,800 24,900 37.9 61.5 24.8 14,700 8,500 6,200
Kansas 40,600 16,300 24,300 32.5 47.2 22.1 13,200 7,700 5,500
Kentucky 55,800 22,700 33,100 47.4 66.8 32.0 26,400 15,200 11,300
Louisiana 62,400 33,700 28,700 67.1 78.7 53.4 41,800 26,500 15,300
Maine 13,000 5,100 7,900 53.3 74.7 39.5 6,900 3,800 3,100
Maryland 73,800 32,600 41,200 39.2 58.2 24.0 28,900 19,000 9,900
Massachusetts 72,900 23,200 49,600 35.3 56.4 25.5 25,700 13,100 12,600
Michigan 114,500 51,000 63,600 52.9 71.9 37.8 60,600 36,600 24,000
Minnesota 68,600 22,000 46,600 39.2 66.7 26.2 26,900 14,700 12,200
Mississippi 40,000 22,700 17,300 70.5 81.9 55.6 28,200 18,600 9,600
Missouri 76,800 34,600 42,100 50.2 72.2 33.9 38,500 25,000 13,500
Montana 12,100 4,400 7,600 35.0 47.8 28.8 4,200 2,100 2,100
Nebraska 25,900 10,000 16,000 43.1 63.1 30.7 11,200 6,300 4,900
Nevada 35,900 13,200 22,700 44.1 60.0 35.2 15,800 7,900 7,900
New Hampshire 12,900 4,100 8,700 29.9 52.7 18.7 3,800 2,200 1,700
New Jersey 106,900 38,600 68,300 36.2 52.4 27.0 38,700 20,200 18,400
New Mexico 27,900 13,200 14,600 64.4 77.1 52.9 17,900 10,200 7,700
New York 244,400 84,000 160,400 52.2 70.2 42.7 127,500 59,000 68,500
North Carolina 122,400 55,300 67,000 55.2 74.8 38.9 67,500 41,400 26,200
North Dakota 9,100 3,500 5,600 28.5 36.8 21.2 2,600 1,300 1,300
Ohio 139,100 65,300 73,900 49.3 68.7 32.2 68,600 44,800 23,800
Oklahoma 53,200 24,300 29,000 65.2 80.7 52.2 34,700 19,600 15,100
Oregon 45,500 16,700 28,900 52.6 69.9 42.7 24,000 11,700 12,300
Pennsylvania 143,300 59,300 84,000 38.5 53.5 28.0 55,200 31,800 23,400
Rhode Island 11,200 4,300 6,900 51.5 70.1 39.8 5,800 3,000 2,700
South Carolina 58,300 24,000 34,300 56.5 78.6 41.1 33,000 18,900 14,100
South Dakota 11,800 5,100 6,700 36.0 46.2 25.3 4,200 2,400 1,900
Tennessee 79,500 39,200 40,300 59.4 73.7 45.5 47,200 28,900 18,300
Texas 386,100 180,700 205,400 60.9 73.7 49.6 235,100 133,200 101,900
Utah 52,300 16,900 35,300 35.6 53.3 27.3 18,600 9,000 9,600
Vermont 6,200 2,200 4,000 50.2 73.5 37.7 3,100 1,600 1,500
Virginia 103,000 43,700 59,300 33.1 45.4 25.7 34,100 19,800 14,300
Washington 86,500 31,500 55,000 45.2 63.1 34.9 39,100 19,900 19,200
West Virginia 20,500 9,300 11,200 63.6 76.0 53.2 13,000 7,100 5,900
Wisconsin 68,500 27,200 41,300 42.6 62.0 27.0 29,200 16,900 12,300
Wyoming 7,600 2,800 4,700 46.4 67.4 33.7 3,500 1,900 1,600